(699, 9)
('Iteration---------------->', 0)
4
[ 4.89897949  3.         19.67231557  3.16227766  2.44948974  3.60555128
  5.09901951  4.47213595]
**********************
4
[12.36931688 11.3137085  11.74734012 12.28820573 10.34408043 12.40967365
 11.95826074 12.68857754]
**********************
3
[ 3.60555128  2.44948974 19.02629759  1.73205081  3.          2.44948974
  3.87298335  3.        ]
**********************
4
[12.20655562 10.86278049 12.9614814  12.68857754 10.24695077 12.80624847
 12.36931688 13.15294644]
**********************
1
[ 4.58257569  2.44948974 18.70828693  3.          2.64575131  3.46410162
  3.87298335  4.12310563]
**********************
2
[20.83266666 18.57417562  9.32737905 20.92844954 18.         21.28379665
 20.34698995 21.58703314]
**********************
3
[ 9.43398113  9.48683298 17.2626765   9.11043358  9.21954446  9.2736185
  9.53939201  9.21954446]
**********************
3
[ 2.44948974  2.23606798 19.          1.41421356  3.74165739  2.23606798
  3.46410162  2.44948974]
**********************
5
[ 4.58257569  5.47722558 19.4422221   4.12310563  5.19615242  4.
  4.79583152  4.12310563]
**********************
3
[ 3.87298335  2.82842712 19.33907961  2.23606798  2.64575131  2.44948974
  3.87298335  3.31662479]
**********************
3
[ 3.          3.16227766 19.74841766  1.73205081  4.79583152  2.44948974
  3.31662479  2.23606798]
**********************
3
[ 2.44948974  3.         19.5192213   0.          4.          1.
  2.82842712  1.41421356]
**********************
4
[ 6.78232998  3.87298335 15.19868415  6.164414    3.16227766  6.55743852
  6.164414    7.07106781]
**********************
3
[ 3.46410162  3.60555128 18.62793601  2.44948974  4.69041576  3.
  3.74165739  2.82842712]
**********************
2
[17.32050808 15.19868415  8.88819442 17.08800749 14.07124728 17.29161647
 16.18641406 17.66352173]
**********************
4
[ 9.59166305  7.54983444 14.59451952  9.59166305  6.92820323  9.8488578
  9.59166305 10.39230485]
**********************
3
[ 3.74165739  3.         19.62141687  2.          2.82842712  2.23606798
  4.          3.16227766]
**********************
3
[ 4.12310563  2.44948974 19.54482029  2.23606798  2.64575131  2.82842712
  4.35889894  3.60555128]
**********************
4
[15.90597372 14.2126704  12.88409873 15.84297952 12.68857754 16.
 15.71623365 16.52271164]
**********************
4
[ 5.74456265  3.74165739 19.84943324  4.12310563  2.64575131  4.47213595
  5.91607978  5.38516481]
**********************
2
[15.68438714 13.60147051 11.61895004 15.09966887 12.40967365 15.32970972
 14.35270009 15.68438714]
**********************
4
[16.55294536 13.89244399 13.07669683 16.0623784  12.88409873 16.40121947
 16.0623784  16.91153453]
**********************
3
[ 3.          2.82842712 19.54482029  1.          3.31662479  1.41421356
  3.31662479  2.23606798]
**********************
4
[10.14889157  7.07106781 18.16590212  9.53939201  6.70820393 10.09950494
 10.53565375 10.72380529]
**********************
3
[ 2.82842712  3.         19.46792233  1.41421356  4.69041576  2.23606798
  3.16227766  2.        ]
**********************
4
[ 9.53939201  7.87400787 13.11487705  9.21954446  6.8556546   9.38083152
  8.77496439  9.74679434]
**********************
3
[ 3.31662479  2.82842712 19.54482029  1.73205081  3.31662479  2.
  3.31662479  2.64575131]
**********************
4
[ 4.58257569  3.46410162 19.74841766  3.          2.64575131  3.16227766
  4.79583152  4.12310563]
**********************
3
[ 2.44948974  3.         19.5192213   0.          4.          1.
  2.82842712  1.41421356]
**********************
0
[ 0.          4.12310563 18.84144368  2.44948974  5.09901951  2.23606798
  3.16227766  2.        ]
**********************
3
[ 3.16227766  3.         19.8242276   1.41421356  3.46410162  1.73205081
  3.46410162  2.44948974]
**********************
3
[ 3.          2.44948974 19.4422221   1.          3.87298335  2.
  3.31662479  2.23606798]
**********************
4
[15.42724862 13.         13.52774926 15.16575089 11.91637529 15.5241747
 15.42724862 16.0623784 ]
**********************
3
[ 3.16227766  2.23606798 19.          1.41421356  3.74165739  2.23606798
  2.82842712  2.44948974]
**********************
3
[ 2.44948974  2.64575131 19.10497317  1.41421356  3.16227766  1.73205081
  3.46410162  2.44948974]
**********************
3
[ 2.44948974  3.         19.5192213   0.          4.          1.
  2.82842712  1.41421356]
**********************
2
[19.72308292 17.1464282  13.56465997 19.77371993 16.76305461 20.09975124
 19.10497317 20.51828453]
**********************
1
[ 8.18535277  4.69041576 20.04993766  6.55743852  4.79583152  7.34846923
  8.18535277  7.93725393]
**********************
2
[14.56021978 12.60952021  9.94987437 14.35270009 11.91637529 14.59451952
 13.34166406 14.83239697]
**********************
1
[11.18033989  9.05538514 12.08304597 10.81665383  9.32737905 11.3137085
 10.53565375 11.35781669]
**********************
1
[15.         12.32882801 12.40967365 14.86606875 12.4498996  15.23154621
 13.82027496 15.5241747 ]
**********************
4
[11.70469991  8.60232527 17.08800749 10.72380529  7.14142843 11.13552873
 11.53256259 11.87434209]
**********************
2
[17.80449381 16.37070554 11.66190379 18.13835715 15.71623365 18.43908891
 18.13835715 18.68154169]
**********************
4
[11.74734012 10.53565375 14.6628783  11.83215957 10.39230485 11.95826074
 11.22497216 12.24744871]
**********************
2
[19.6468827  17.23368794 14.73091986 19.6977156  16.85229955 20.02498439
 19.39071943 20.4450483 ]
**********************
3
[ 2.44948974  3.60555128 19.41648784  1.41421356  4.69041576  1.73205081
  2.82842712  1.41421356]
**********************
2
[13.82027496 12.56980509  8.1240384  14.24780685 12.20655562 14.4222051
 13.37908816 14.52583905]
**********************
3
[ 2.23606798  3.46410162 19.54482029  1.          4.79583152  1.41421356
  2.64575131  1.        ]
**********************
1
[ 4.58257569  2.44948974 18.70828693  3.          2.64575131  3.46410162
  3.87298335  4.12310563]
**********************
2
[14.45683229 12.9614814  10.86278049 14.6628783  11.87434209 14.76482306
 14.24780685 15.13274595]
**********************
4
[11.22497216 10.34408043 16.76305461 11.5758369   8.60232527 11.61895004
 12.16552506 12.24744871]
**********************
4
[ 7.14142843  4.89897949 14.35270009  6.70820393  3.87298335  6.92820323
  6.244998    7.41619849]
**********************
4
[14.24780685 12.16552506 14.35270009 14.03566885 10.81665383 14.2126704
 14.10673598 14.79864859]
**********************
2
[16.55294536 14.73091986 10.44030651 16.37070554 14.         16.70329309
 15.87450787 16.91153453]
**********************
4
[15.71623365 13.34166406 14.         15.19868415 12.20655562 15.55634919
 15.39480432 16.09347694]
**********************
4
[12.9614814  10.90871211 13.52774926 12.80624847  9.38083152 12.92284798
 12.72792206 13.56465997]
**********************
2
[16.52271164 15.16575089 12.9614814  17.         14.31782106 17.08800749
 16.64331698 17.4642492 ]
**********************
4
[ 9.69535971  7.28010989 17.          9.05538514  6.          9.43398113
 10.         10.09950494]
**********************
4
[11.40175425 10.24695077 15.45962483 10.95445115  9.38083152 11.26942767
 11.74734012 11.5758369 ]
**********************
4
[10.09950494  7.54983444 17.4642492   9.59166305  6.32455532  9.94987437
 10.39230485 10.67707825]
**********************
4
[11.61895004  9.59166305 12.24744871 11.61895004  9.32737905 11.83215957
 10.72380529 12.12435565]
**********************
3
[ 2.44948974  3.60555128 19.10497317  1.41421356  4.69041576  1.73205081
  2.82842712  1.41421356]
**********************
2
[17.74823935 16.73320053 14.07124728 18.13835715 15.71623365 18.22086716
 18.1934054  18.62793601]
**********************
4
[10.39230485  8.66025404 15.06651917 10.19803903  8.1240384  10.34408043
 10.09950494 10.77032961]
**********************
3
[ 2.23606798  3.46410162 19.54482029  1.          4.79583152  1.41421356
  2.64575131  1.        ]
**********************
4
[13.67479433 11.74734012 19.23538406 12.84523258  9.8488578  13.03840481
 13.52774926 13.67479433]
**********************
3
[ 4.12310563  2.44948974 19.54482029  2.23606798  2.64575131  2.82842712
  4.35889894  3.60555128]
**********************
2
[14.52583905 13.26649916 12.32882801 14.38749457 12.52996409 14.56021978
 14.31782106 14.79864859]
**********************
2
[17.66352173 15.65247584 12.12435565 17.60681686 14.49137675 17.97220076
 17.72004515 18.33030278]
**********************
3
[ 3.          2.82842712 19.07878403  1.73205081  4.58257569  2.44948974
  3.          2.23606798]
**********************
4
[ 4.12310563  3.46410162 18.92088793  3.60555128  2.64575131  3.74165739
  5.19615242  4.58257569]
**********************
2
[19.67231557 17.32050808 14.56021978 19.15724406 16.76305461 19.4422221
 18.24828759 19.67231557]
**********************
1
[ 6.4807407   3.87298335 17.40689519  6.          6.          6.8556546
  6.4807407   6.78232998]
**********************
2
[17.69180601 15.68438714  9.69535971 17.4642492  14.52583905 17.60681686
 16.58312395 18.02775638]
**********************
4
[11.22497216  9.21954446 16.88194302 10.67707825  7.21110255 10.81665383
 11.3137085  11.5758369 ]
**********************
1
[ 3.46410162  2.64575131 18.13835715  2.82842712  4.47213595  3.60555128
  4.          3.46410162]
**********************
0
[ 1.41421356  3.87298335 18.35755975  3.16227766  5.09901951  3.31662479
  4.          3.16227766]
**********************
4
[ 5.09901951  3.31662479 18.78829423  3.74165739  2.44948974  3.87298335
  4.47213595  4.69041576]
**********************
3
[ 4.          3.         18.62793601  2.44948974  3.16227766  3.
  4.24264069  3.46410162]
**********************
3
[ 2.64575131  3.16227766 19.28730152  1.          4.12310563  1.41421356
  3.          1.73205081]
**********************
1
[ 6.32455532  3.60555128 19.20937271  5.29150262  5.47722558  6.244998
  6.63324958  6.32455532]
**********************
3
[ 3.87298335  2.82842712 19.18332609  2.23606798  2.64575131  2.44948974
  3.60555128  3.31662479]
**********************
4
[ 5.          2.82842712 19.39071943  3.31662479  2.23606798  3.74165739
  5.          4.58257569]
**********************
1
[ 6.70820393  3.74165739 19.23538406  5.19615242  5.          6.164414
  6.8556546   6.40312424]
**********************
2
[18.38477631 16.70329309  6.244998   18.54723699 16.24807681 18.84144368
 17.60681686 18.92088793]
**********************
2
[18.70828693 17.40689519 14.03566885 18.81488772 16.673332   18.94729532
 18.33030278 19.13112647]
**********************
4
[10.09950494  9.11043358 10.53565375 10.48808848  8.71779789 10.72380529
 10.09950494 10.86278049]
**********************
2
[15.19868415 13.49073756  6.63324958 15.32970972 13.07669683 15.62049935
 14.45683229 15.71623365]
**********************
3
[ 4.12310563  2.44948974 19.54482029  2.23606798  2.64575131  2.82842712
  4.35889894  3.60555128]
**********************
3
[ 2.82842712  3.         18.84144368  1.41421356  4.          1.73205081
  2.44948974  2.        ]
**********************
3
[ 2.82842712  3.         19.46792233  1.41421356  4.69041576  2.23606798
  3.16227766  2.        ]
**********************
5
[ 3.          3.46410162 19.23538406  1.73205081  3.60555128  1.41421356
  2.64575131  2.23606798]
**********************
3
[ 4.12310563  2.44948974 19.54482029  2.23606798  2.64575131  2.82842712
  4.35889894  3.60555128]
**********************
3
[ 2.23606798  3.46410162 19.54482029  1.          4.79583152  1.41421356
  2.64575131  1.        ]
**********************
3
[ 3.          2.44948974 19.4422221   1.          3.87298335  2.
  3.31662479  2.23606798]
**********************
3
[ 2.82842712  3.         19.46792233  1.41421356  4.69041576  2.23606798
  3.16227766  2.        ]
**********************
5
[ 2.44948974  3.60555128 19.20937271  1.41421356  4.24264069  1.
  2.          1.41421356]
**********************
4
[ 4.89897949  3.         19.67231557  3.16227766  2.44948974  3.60555128
  5.09901951  4.47213595]
**********************
2
[19.         18.         13.41640786 19.31320792 16.58312395 19.33907961
 19.10497317 19.72308292]
**********************
2
[18.46618531 16.18641406  7.61577311 18.30300522 15.32970972 18.60107524
 17.40689519 18.89444363]
**********************
4
[15.96871942 14.35270009 15.03329638 15.71623365 13.15294644 15.8113883
 15.84297952 16.34013464]
**********************
4
[ 6.92820323  6.244998   12.92284798  7.34846923  6.164414    7.41619849
  6.164414    7.48331477]
**********************
1
[ 3.74165739  2.23606798 19.10497317  2.44948974  2.44948974  3.
  4.47213595  3.74165739]
**********************
4
[10.29563014  7.54983444 17.97220076  9.2736185   6.78232998  9.8488578
 10.67707825 10.48808848]
**********************
2
[22.42766149 20.14944168 14.         22.47220505 19.46792233 22.75961335
 21.74856317 23.13006701]
**********************
4
[ 9.79795897  8.18535277 15.39480432  9.48683298  6.32455532  9.64365076
  9.59166305 10.19803903]
**********************
2
[18.70828693 17.17556404 13.22875656 18.97366596 16.         19.10497317
 18.49324201 19.54482029]
**********************
2
[17.32050808 16.21727474  4.58257569 17.8325545  16.18641406 18.02775638
 16.4924225  18.        ]
**********************
3
[ 3.          3.46410162 18.81488772  2.23606798  4.79583152  2.44948974
  2.64575131  2.23606798]
**********************
2
[14.31782106 11.83215957 10.95445115 13.89244399 11.         14.28285686
 13.60147051 14.59451952]
**********************
1
[ 5.56776436  3.16227766 17.08800749  4.58257569  4.79583152  5.29150262
  4.58257569  5.19615242]
**********************
4
[12.489996   11.         14.17744688 12.16552506  9.48683298 12.28820573
 12.32882801 12.80624847]
**********************
4
[17.05872211 14.49137675 14.14213562 16.34013464 13.15294644 16.673332
 16.03121954 17.17556404]
**********************
2
[19.41648784 17.54992877 14.96662955 19.46792233 16.76305461 19.79898987
 19.72308292 20.22374842]
**********************
1
[ 4.12310563  2.82842712 17.60681686  3.31662479  3.          3.74165739
  4.35889894  4.12310563]
**********************
7
[ 4.47213595  5.74456265 18.1934054   4.24264069  5.83095189  4.12310563
  4.69041576  4.        ]
**********************
4
[ 7.68114575  5.47722558 18.16590212  6.8556546   3.60555128  7.07106781
  7.93725393  7.93725393]
**********************
2
[17.20465053 15.32970972  9.11043358 17.08800749 14.56021978 17.40689519
 16.18641406 17.54992877]
**********************
7
[ 3.46410162  5.         18.41195264  3.16227766  5.47722558  3.
  3.74165739  2.82842712]
**********************
3
[ 3.74165739  2.23606798 18.734994    2.          2.82842712  2.64575131
  3.74165739  3.16227766]
**********************
3
[ 2.44948974  2.64575131 18.57417562  2.          4.47213595  2.64575131
  2.82842712  2.44948974]
**********************
4
[ 4.35889894  2.44948974 18.81488772  2.64575131  2.23606798  3.16227766
  4.35889894  3.87298335]
**********************
2
[19.5192213  18.11077028 13.56465997 19.72308292 16.94107435 19.89974874
 19.8242276  20.32240143]
**********************
4
[12.68857754 11.5758369  13.34166406 12.60952021 10.81665383 12.88409873
 13.07669683 13.15294644]
**********************
2
[16.88194302 14.62873884  9.05538514 16.76305461 14.45683229 17.1464282
 16.09347694 17.34935157]
**********************
3
[ 2.23606798  3.46410162 19.54482029  1.          4.79583152  1.41421356
  2.64575131  1.        ]
**********************
2
[15.5241747  13.03840481 11.04536102 14.93318452 11.87434209 15.29705854
 14.52583905 15.65247584]
**********************
3
[ 3.46410162  2.23606798 19.46792233  1.41421356  3.16227766  2.23606798
  3.74165739  2.82842712]
**********************
4
[13.49073756 12.4498996  11.78982612 13.49073756 10.77032961 13.45362405
 13.19090596 13.92838828]
**********************
7
[ 8.24621125  9.         19.26136028  8.1240384   9.48683298  8.06225775
  8.36660027  8.        ]
**********************
4
[ 4.12310563  3.46410162 18.92088793  3.60555128  2.64575131  3.74165739
  5.19615242  4.58257569]
**********************
3
[ 3.          2.44948974 19.4422221   1.          3.87298335  2.
  3.31662479  2.23606798]
**********************
2
[18.78829423 17.49285568  5.83095189 19.15724406 16.76305461 19.23538406
 17.8605711  19.41648784]
**********************
3
[ 3.16227766  2.64575131 19.15724406  1.41421356  3.16227766  1.73205081
  3.16227766  2.44948974]
**********************
3
[ 3.16227766  3.         19.31320792  1.41421356  3.46410162  1.73205081
  3.46410162  2.44948974]
**********************
4
[ 5.38516481  3.16227766 18.49324201  3.87298335  2.23606798  4.24264069
  5.19615242  5.        ]
**********************
3
[ 3.74165739  3.         19.62141687  2.          2.82842712  2.23606798
  4.          3.16227766]
**********************
5
[ 2.82842712  3.60555128 19.67231557  1.41421356  3.74165739  1.
  3.16227766  2.        ]
**********************
3
[ 3.31662479  2.82842712 19.18332609  2.23606798  2.64575131  2.44948974
  4.12310563  3.31662479]
**********************
3
[ 2.64575131  3.74165739 20.29778313  1.73205081  5.19615242  2.
  3.          1.73205081]
**********************
5
[ 2.82842712  3.60555128 19.67231557  1.41421356  3.74165739  1.
  3.16227766  2.        ]
**********************
5
[ 2.23606798  3.74165739 19.6468827   1.          4.35889894  0.
  2.64575131  1.        ]
**********************
4
[11.40175425  9.11043358 13.60147051 11.04536102  7.34846923 11.26942767
 11.13552873 11.91637529]
**********************
7
[ 4.47213595  5.74456265 18.1934054   4.24264069  5.83095189  4.12310563
  4.69041576  4.        ]
**********************
3
[ 2.44948974  3.         19.5192213   0.          4.          1.
  2.82842712  1.41421356]
**********************
0
[ 1.41421356  3.60555128 19.20937271  2.44948974  5.09901951  2.64575131
  3.46410162  2.44948974]
**********************
4
[ 9.59166305  8.88819442 13.3041347   9.79795897  8.48528137 10.04987562
 10.         10.19803903]
**********************
3
[ 2.64575131  3.74165739 18.86796226  1.73205081  4.79583152  2.
  3.          1.73205081]
**********************
1
[10.63014581  8.71779789 16.1245155   9.94987437  9.21954446 10.29563014
  9.64365076 10.44030651]
**********************
2
[19.72308292 17.77638883 10.48808848 19.62141687 16.70329309 19.89974874
 19.36491673 20.22374842]
**********************
3
[ 3.          3.16227766 19.74841766  1.73205081  4.79583152  2.44948974
  3.31662479  2.23606798]
**********************
4
[12.80624847 11.26942767 13.96424004 12.40967365  9.89949494 12.68857754
 13.03840481 13.11487705]
**********************
2
[19.02629759 16.2788206  12.36931688 18.86796226 15.62049935 19.20937271
 18.33030278 19.6468827 ]
**********************
5
[ 4.12310563  4.24264069 18.92088793  3.          3.31662479  2.82842712
  4.35889894  3.60555128]
**********************
7
[ 2.          4.12310563 19.67231557  1.41421356  5.09901951  1.
  2.44948974  0.        ]
**********************
4
[12.12435565 11.04536102 12.         12.20655562 10.04987562 12.32882801
 11.70469991 12.60952021]
**********************
0
[ 1.73205081  3.16227766 18.81488772  1.73205081  4.58257569  2.
  2.64575131  1.73205081]
**********************
3
[ 3.          2.44948974 19.4422221   1.          3.87298335  2.
  3.31662479  2.23606798]
**********************
0
[ 1.73205081  4.24264069 19.49358869  2.23606798  5.38516481  2.
  3.          1.73205081]
**********************
2
[20.49390153 18.57417562 10.81665383 20.63976744 17.49285568 20.90454496
 20.39607805 21.26029163]
**********************
2
[16.88194302 14.83239697 11.04536102 16.76305461 13.45362405 16.97056275
 16.58312395 17.4642492 ]
**********************
1
[ 4.24264069  2.23606798 19.15724406  2.44948974  2.44948974  3.
  4.24264069  3.74165739]
**********************
3
[ 3.46410162  2.23606798 19.46792233  1.41421356  3.16227766  2.23606798
  3.74165739  2.82842712]
**********************
7
[ 6.78232998  7.54983444 18.68154169  6.63324958  7.07106781  6.55743852
  6.63324958  6.4807407 ]
**********************
4
[ 5.          3.16227766 20.14944168  3.31662479  3.          3.74165739
  5.19615242  4.58257569]
**********************
4
[ 4.35889894  2.44948974 18.70828693  2.64575131  2.23606798  3.16227766
  4.35889894  3.87298335]
**********************
2
[17.66352173 16.34013464  5.19615242 17.94435844 15.55634919 18.02775638
 16.79285562 18.22086716]
**********************
2
[19.         17.66352173 15.74801575 19.31320792 16.46207763 19.39071943
 18.68154169 19.8242276 ]
**********************
3
[ 3.46410162  2.23606798 19.46792233  1.41421356  3.16227766  2.23606798
  3.74165739  2.82842712]
**********************
7
[ 2.44948974  4.12310563 19.5192213   2.          5.09901951  1.73205081
  2.          1.41421356]
**********************
5
[ 2.82842712  3.60555128 19.67231557  1.41421356  3.74165739  1.
  3.16227766  2.        ]
**********************
3
[ 2.82842712  3.         19.46792233  1.41421356  4.69041576  2.23606798
  3.16227766  2.        ]
**********************
3
[ 2.23606798  3.46410162 19.54482029  1.          4.79583152  1.41421356
  2.64575131  1.        ]
**********************
2
[23.47338919 21.30727575  8.48528137 23.60084744 20.76053949 23.9582971
 22.737634   24.14539294]
**********************
4
[13.92838828 11.87434209 13.82027496 13.56465997 10.67707825 13.89244399
 13.78404875 14.35270009]
**********************
2
[17.72004515 16.15549442  7.14142843 17.88854382 15.62049935 18.08314132
 17.02938637 18.27566688]
**********************
3
[ 3.          2.44948974 19.4422221   1.          3.87298335  2.
  3.31662479  2.23606798]
**********************
2
[16.94107435 15.42724862 12.32882801 17.4642492  15.32970972 17.66352173
 16.76305461 17.8605711 ]
**********************
3
[ 4.12310563  2.44948974 19.54482029  2.23606798  2.64575131  2.82842712
  4.35889894  3.60555128]
**********************
4
[11.18033989 10.29563014 14.07124728 10.90871211  9.21954446 11.04536102
 11.09053651 11.35781669]
**********************
3
[ 3.          3.16227766 19.74841766  1.73205081  4.79583152  2.44948974
  3.31662479  2.23606798]
**********************
7
[ 2.          4.12310563 19.67231557  1.41421356  5.09901951  1.
  2.44948974  0.        ]
**********************
4
[ 5.74456265  3.74165739 19.84943324  4.12310563  2.64575131  4.47213595
  5.91607978  5.38516481]
**********************
2
[17.72004515 15.71623365  6.40312424 17.88854382 15.29705854 18.1934054
 16.97056275 18.38477631]
**********************
4
[14.28285686 12.52996409 13.07669683 14.14213562 11.3137085  14.38749457
 14.2126704  14.83239697]
**********************
3
[ 3.16227766  2.64575131 19.72308292  1.41421356  4.          2.23606798
  3.46410162  2.44948974]
**********************
2
[15.5241747  14.          7.21110255 15.96871942 14.24780685 16.30950643
 15.         16.2788206 ]
**********************
2
[20.90454496 18.70828693 11.5758369  20.61552813 17.29161647 20.88061302
 20.0748599  21.28379665]
**********************
2
[18.70828693 15.96871942  9.43398113 18.33030278 15.8113883  18.734994
 17.20465053 18.92088793]
**********************
0
[ 2.23606798  2.82842712 18.33030278  2.64575131  4.58257569  3.16227766
  3.60555128  3.        ]
**********************
2
[21.02379604 18.734994   10.04987562 21.11871208 17.94435844 21.37755833
 20.39607805 21.77154106]
**********************
2
[20.51828453 19.13112647  6.32455532 20.90454496 18.30300522 21.02379604
 19.92485885 21.28379665]
**********************
4
[ 4.58257569  3.46410162 19.74841766  3.          2.64575131  3.16227766
  4.79583152  4.12310563]
**********************
3
[ 2.82842712  3.         19.46792233  1.41421356  4.69041576  2.23606798
  3.16227766  2.        ]
**********************
3
[ 3.46410162  2.23606798 19.46792233  1.41421356  3.16227766  2.23606798
  3.74165739  2.82842712]
**********************
3
[ 4.12310563  2.44948974 19.54482029  2.23606798  2.64575131  2.82842712
  4.35889894  3.60555128]
**********************
4
[14.17744688 11.3137085  11.74734012 13.60147051 10.34408043 14.
 13.37908816 14.45683229]
**********************
4
[ 5.74456265  3.46410162 18.49324201  4.35889894  3.          4.69041576
  4.79583152  5.38516481]
**********************
7
[ 2.          4.12310563 19.67231557  1.41421356  5.09901951  1.
  2.44948974  0.        ]
**********************
3
[ 3.          2.82842712 19.54482029  1.          3.31662479  1.41421356
  3.31662479  2.23606798]
**********************
2
[17.63519209 15.29705854  9.89949494 17.4642492  14.17744688 17.77638883
 17.17556404 18.1934054 ]
**********************
2
[18.92088793 16.94107435 14.24780685 18.76166304 16.         19.10497317
 19.02629759 19.54482029]
**********************
3
[ 2.82842712  3.         19.46792233  1.41421356  4.69041576  2.23606798
  3.16227766  2.        ]
**********************
4
[ 4.89897949  3.         19.67231557  3.16227766  2.44948974  3.60555128
  5.09901951  4.47213595]
**********************
3
[ 2.82842712  3.         19.46792233  1.41421356  4.69041576  2.23606798
  3.16227766  2.        ]
**********************
2
[20.97617696 19.15724406  5.56776436 21.30727575 18.60107524 21.56385865
 20.24845673 21.72556098]
**********************
2
[16.21727474 14.62873884 13.19090596 16.46207763 13.52774926 16.55294536
 16.21727474 17.05872211]
**********************
3
[ 3.          3.16227766 19.74841766  1.73205081  4.79583152  2.44948974
  3.31662479  2.23606798]
**********************
3
[ 3.          3.16227766 19.74841766  1.73205081  4.79583152  2.44948974
  3.31662479  2.23606798]
**********************
4
[ 5.          3.16227766 19.94993734  3.31662479  2.64575131  3.74165739
  5.19615242  4.58257569]
**********************
2
[22.47220505 20.29778313  8.36660027 22.60530911 19.46792233 22.89104628
 21.70253441 23.17326045]
**********************
2
[18.13835715 15.74801575  9.38083152 18.13835715 15.06651917 18.43908891
 17.34935157 18.78829423]
**********************
3
[ 2.82842712  3.         19.46792233  1.41421356  4.69041576  2.23606798
  3.16227766  2.        ]
**********************
2
[22.89104628 20.71231518  9.11043358 22.97825059 19.74841766 23.21637353
 22.13594362 23.57965225]
**********************
2
[21.9089023  19.36491673 11.95826074 21.86321111 18.65475811 22.24859546
 21.30727575 22.627417  ]
**********************
2
[16.40121947 14.2126704   9.16515139 16.52271164 13.45362405 16.73320053
 15.65247584 17.11724277]
**********************
3
[ 2.23606798  3.46410162 19.54482029  1.          4.79583152  1.41421356
  2.64575131  1.        ]
**********************
3
[ 2.82842712  3.         19.46792233  1.41421356  4.69041576  2.23606798
  3.16227766  2.        ]
**********************
2
[17.72004515 15.13274595 10.04987562 17.66352173 14.96662955 18.02775638
 16.73320053 18.27566688]
**********************
4
[ 5.38516481  3.74165739 19.02629759  4.58257569  2.64575131  4.89897949
  6.244998    5.74456265]
**********************
3
[ 3.          2.82842712 19.02629759  1.73205081  4.58257569  2.44948974
  2.64575131  2.23606798]
**********************
2
[20.02498439 17.43559577 13.92838828 19.41648784 16.58312395 19.79898987
 19.46792233 20.22374842]
**********************
4
[ 5.91607978  5.09901951 17.54992877  5.          4.12310563  5.09901951
  5.38516481  5.56776436]
**********************
4
[12.64911064 10.24695077 12.52996409 12.40967365  9.38083152 12.84523258
 12.64911064 13.26649916]
**********************
2
[17.57839583 14.96662955 11.74734012 17.11724277 13.74772708 17.43559577
 16.82260384 17.91647287]
**********************
3
[ 2.23606798  3.46410162 19.54482029  1.          4.79583152  1.41421356
  2.64575131  1.        ]
**********************
2
[17.88854382 15.39480432 12.12435565 17.60681686 14.35270009 17.97220076
 17.60681686 18.43908891]
**********************
2
[15.93737745 13.52774926 11.35781669 16.0623784  12.9614814  16.40121947
 15.62049935 16.79285562]
**********************
3
[ 3.          3.16227766 19.74841766  1.73205081  4.79583152  2.44948974
  3.31662479  2.23606798]
**********************
2
[22.47220505 20.29778313 12.88409873 22.47220505 19.57038579 22.8035085
 22.3383079  23.17326045]
**********************
4
[12.9614814  10.53565375 11.44552314 12.88409873  9.79795897 13.3041347
 12.88409873 13.7113092 ]
**********************
2
[16.88194302 14.49137675  8.71779789 16.82260384 14.03566885 17.20465053
 16.2788206  17.4642492 ]
**********************
4
[ 9.21954446  6.92820323 15.87450787  9.11043358  5.91607978  9.38083152
  9.43398113 10.04987562]
**********************
4
[14.45683229 12.72792206 14.14213562 14.10673598 11.09053651 14.28285686
 14.31782106 14.86606875]
**********************
1
[ 6.244998    4.47213595 16.673332    5.74456265  5.          6.
  5.56776436  6.244998  ]
**********************
1
[ 3.16227766  3.         18.78829423  3.46410162  4.          3.87298335
  4.89897949  4.24264069]
**********************
2
[20.29778313 18.84144368 13.07669683 20.34698995 17.2626765  20.46948949
 20.24845673 20.88061302]
**********************
2
[16.43167673 14.38749457 12.04159458 16.55294536 13.49073756 16.70329309
 15.87450787 17.1464282 ]
**********************
2
[21.77154106 20.37154879  9.43398113 22.13594362 19.13112647 22.20360331
 21.16601049 22.49444376]
**********************
4
[13.92838828 11.78982612 15.58845727 13.19090596 10.         13.45362405
 13.78404875 14.07124728]
**********************
4
[ 5.09901951  3.60555128 16.76305461  4.69041576  2.44948974  4.79583152
  4.89897949  5.47722558]
**********************
1
[ 4.12310563  2.44948974 18.92088793  2.64575131  3.31662479  3.16227766
  3.31662479  3.60555128]
**********************
3
[ 3.          2.44948974 19.4422221   1.          3.87298335  2.
  3.31662479  2.23606798]
**********************
1
[ 6.          5.         17.97220076  5.09901951  5.83095189  5.74456265
  6.164414    5.65685425]
**********************
3
[ 2.82842712  3.         19.46792233  1.41421356  4.69041576  2.23606798
  3.16227766  2.        ]
**********************
4
[ 5.09901951  3.         18.78829423  3.46410162  2.          3.87298335
  4.89897949  4.69041576]
**********************
2
[20.0748599  18.          8.48528137 20.27313493 17.29161647 20.54263858
 19.5192213  20.85665361]
**********************
4
[11.44552314 10.         15.29705854 11.09053651  8.30662386 11.22497216
 11.61895004 11.78982612]
**********************
1
[ 6.4807407   4.58257569 18.08314132  5.47722558  4.69041576  5.74456265
  5.83095189  6.164414  ]
**********************
3
[ 3.60555128  2.44948974 19.94993734  1.73205081  3.60555128  2.44948974
  3.87298335  3.        ]
**********************
0
[ 1.41421356  3.87298335 18.94729532  2.          4.89897949  1.73205081
  2.44948974  1.41421356]
**********************
4
[16.64331698 14.4222051  13.11487705 16.15549442 12.92284798 16.37070554
 15.65247584 16.88194302]
**********************
4
[12.28820573 10.77032961 11.83215957 11.95826074  9.32737905 12.08304597
 11.53256259 12.4498996 ]
**********************
2
[17.80449381 16.37070554 11.66190379 18.13835715 15.71623365 18.43908891
 18.13835715 18.68154169]
**********************
2
[17.74823935 16.73320053 14.07124728 18.13835715 15.71623365 18.22086716
 18.1934054  18.62793601]
**********************
4
[12.84523258 11.74734012 10.86278049 13.07669683 10.81665383 13.19090596
 12.76714533 13.45362405]
**********************
5
[ 2.82842712  3.60555128 19.67231557  1.41421356  3.74165739  1.
  3.16227766  2.        ]
**********************
3
[ 3.          2.82842712 19.54482029  1.          3.31662479  1.41421356
  3.31662479  2.23606798]
**********************
3
[ 3.46410162  2.23606798 19.46792233  1.41421356  3.16227766  2.23606798
  3.74165739  2.82842712]
**********************
4
[11.78982612 10.86278049 11.91637529 12.20655562 10.04987562 12.32882801
 12.12435565 12.60952021]
**********************
2
[17.4642492  15.68438714 12.40967365 17.4642492  14.31782106 17.66352173
 17.05872211 18.13835715]
**********************
2
[20.92844954 19.          9.43398113 21.11871208 18.60107524 21.51743479
 20.68816087 21.67948339]
**********************
2
[17.8325545  15.77973384  9.8488578  17.94435844 14.96662955 18.24828759
 17.66352173 18.60107524]
**********************
2
[17.34935157 15.09966887 11.66190379 16.88194302 13.82027496 17.08800749
 16.2788206  17.57839583]
**********************
2
[16.55294536 14.38749457 12.68857754 16.24807681 13.85640646 16.46207763
 15.23154621 16.79285562]
**********************
4
[ 4.69041576  3.31662479 18.08314132  4.47213595  2.82842712  4.79583152
  5.83095189  5.47722558]
**********************
4
[16.46207763 14.62873884 13.92838828 16.2788206  13.15294644 16.43167673
 16.21727474 16.94107435]
**********************
4
[11.44552314 10.09950494 14.28285686 11.35781669  9.8488578  11.83215957
 11.87434209 11.95826074]
**********************
4
[17.32050808 14.86606875 14.86606875 17.1464282  13.7113092  17.52141547
 17.32050808 18.        ]
**********************
3
[ 2.82842712  3.         19.46792233  1.41421356  4.69041576  2.23606798
  3.16227766  2.        ]
**********************
4
[15.         13.7113092  12.489996   15.13274595 12.36931688 15.23154621
 15.13274595 15.65247584]
**********************
4
[ 4.89897949  3.         19.67231557  3.16227766  2.44948974  3.60555128
  5.09901951  4.47213595]
**********************
4
[11.44552314 10.09950494 14.28285686 11.35781669  9.8488578  11.83215957
 11.87434209 11.95826074]
**********************
4
[ 7.48331477  5.74456265 16.2788206   7.07106781  4.          7.28010989
  8.          8.        ]
**********************
3
[ 3.60555128  2.         19.07878403  1.73205081  3.          2.44948974
  3.60555128  3.        ]
**********************
0
[ 2.44948974  3.         19.20937271  2.44948974  3.74165739  2.64575131
  4.          3.16227766]
**********************
3
[ 3.          2.82842712 19.54482029  1.          3.31662479  1.41421356
  3.31662479  2.23606798]
**********************
3
[ 2.23606798  3.46410162 19.54482029  1.          4.79583152  1.41421356
  2.64575131  1.        ]
**********************
3
[ 2.82842712  3.         19.46792233  1.41421356  4.69041576  2.23606798
  3.16227766  2.        ]
**********************
4
[14.52583905 13.11487705 14.28285686 14.52583905 11.09053651 14.62873884
 14.73091986 15.19868415]
**********************
3
[ 3.46410162  2.23606798 19.46792233  1.41421356  3.16227766  2.23606798
  3.74165739  2.82842712]
**********************
3
[ 3.16227766  2.23606798 19.          1.41421356  3.74165739  2.23606798
  2.82842712  2.44948974]
**********************
2
[14.69693846 13.22875656  9.32737905 14.62873884 13.19090596 14.86606875
 13.19090596 14.83239697]
**********************
4
[14.14213562 12.36931688 15.5241747  13.85640646 10.77032961 14.10673598
 14.56021978 14.69693846]
**********************
2
[16.2788206  14.56021978  9.48683298 16.21727474 13.45362405 16.30950643
 15.06651917 16.64331698]
**********************
2
[22.3159136  19.97498436  9.32737905 22.36067977 19.39071943 22.737634
 21.67948339 23.02172887]
**********************
2
[24.65765601 23.04343724 10.90871211 24.85960579 21.77154106 24.95996795
 23.9582971  25.29822128]
**********************
3
[ 3.16227766  3.         19.31320792  1.41421356  3.46410162  1.73205081
  3.46410162  2.44948974]
**********************
4
[11.91637529  9.8488578  15.06651917 11.40175425  9.2736185  11.70469991
 11.5758369  12.08304597]
**********************
2
[17.17556404 15.55634919  5.65685425 17.29161647 14.73091986 17.43559577
 16.15549442 17.63519209]
**********************
7
[ 2.          4.12310563 19.67231557  1.41421356  5.09901951  1.
  2.44948974  0.        ]
**********************
3
[ 2.82842712  3.         19.46792233  1.41421356  4.69041576  2.23606798
  3.16227766  2.        ]
**********************
4
[15.16575089 12.92284798 16.15549442 15.23154621 12.64911064 15.5241747
 15.09966887 15.93737745]
**********************
4
[14.2126704  12.60952021 14.10673598 13.85640646 10.77032961 13.89244399
 13.6381817  14.49137675]
**********************
3
[ 2.44948974  3.60555128 20.02498439  1.41421356  5.09901951  1.73205081
  2.82842712  1.41421356]
**********************
2
[15.45962483 13.56465997  8.36660027 15.5241747  13.07669683 15.87450787
 14.93318452 16.09347694]
**********************
4
[ 9.48683298  7.41619849 12.52996409  9.2736185   6.78232998  9.53939201
  8.94427191  9.89949494]
**********************
4
[ 5.56776436  4.         17.94435844  5.19615242  3.60555128  5.29150262
  5.56776436  5.91607978]
**********************
4
[ 7.93725393  6.78232998 19.74841766  6.8556546   5.19615242  6.78232998
  7.93725393  7.68114575]
**********************
4
[15.74801575 13.15294644 13.82027496 14.89966443 11.91637529 15.26433752
 14.89966443 15.74801575]
**********************
2
[15.90597372 13.7113092  11.5758369  16.15549442 13.22875656 16.4924225
 15.84297952 16.88194302]
**********************
3
[ 2.82842712  3.         19.46792233  1.41421356  4.69041576  2.23606798
  3.16227766  2.        ]
**********************
2
[23.97915762 22.04540769 11.48912529 24.06241883 20.85665361 24.2899156
 23.51595203 24.63736999]
**********************
3
[ 2.82842712  3.         19.46792233  1.41421356  4.69041576  2.23606798
  3.16227766  2.        ]
**********************
4
[14.4222051  12.76714533 12.28820573 14.14213562 11.40175425 14.24780685
 13.49073756 14.69693846]
**********************
2
[17.8605711  15.87450787 12.16552506 17.52141547 14.31782106 17.60681686
 17.         18.08314132]
**********************
3
[ 2.82842712  3.         19.46792233  1.41421356  4.69041576  2.23606798
  3.16227766  2.        ]
**********************
3
[ 2.82842712  3.         19.46792233  1.41421356  4.69041576  2.23606798
  3.16227766  2.        ]
**********************
2
[15.5241747  12.72792206 11.22497216 15.39480432 12.28820573 15.8113883
 14.79864859 16.15549442]
**********************
1
[ 6.32455532  4.58257569 17.97220076  5.09901951  4.69041576  5.74456265
  6.4807407   6.        ]
**********************
3
[ 2.64575131  3.16227766 19.28730152  1.          4.12310563  1.41421356
  3.          1.73205081]
**********************
7
[ 2.          4.12310563 19.67231557  1.41421356  5.09901951  1.
  2.44948974  0.        ]
**********************
4
[15.49193338 13.52774926 13.74772708 15.23154621 12.9614814  15.32970972
 14.14213562 15.74801575]
**********************
7
[ 2.          4.12310563 19.67231557  1.41421356  5.09901951  1.
  2.44948974  0.        ]
**********************
3
[ 2.44948974  3.60555128 19.8242276   1.41421356  4.89897949  1.73205081
  2.82842712  1.41421356]
**********************
1
[12.72792206 10.81665383 12.4498996  12.80624847 11.04536102 13.
 11.5758369  13.19090596]
**********************
4
[11.83215957 10.63014581 12.28820573 11.83215957  9.69535971 12.04159458
 11.91637529 12.32882801]
**********************
2
[17.80449381 15.3622915   7.74596669 17.74823935 15.         18.11077028
 16.88194302 18.35755975]
**********************
3
[ 4.12310563  4.24264069 18.92088793  3.31662479  5.56776436  3.74165739
  4.35889894  3.60555128]
**********************
1
[10.          7.41619849 12.84523258  9.59166305  7.48331477 10.14889157
  9.59166305 10.39230485]
**********************
4
[14.89966443 12.68857754 13.45362405 14.28285686 11.40175425 14.6628783
 14.56021978 15.03329638]
**********************
3
[ 3.60555128  2.44948974 19.94993734  1.73205081  3.60555128  2.44948974
  3.87298335  3.        ]
**********************
3
[ 3.46410162  2.23606798 19.46792233  1.41421356  3.16227766  2.23606798
  3.74165739  2.82842712]
**********************
2
[14.31782106 13.03840481 11.48912529 14.45683229 12.28820573 14.62873884
 13.60147051 14.86606875]
**********************
3
[ 2.82842712  3.         19.46792233  1.41421356  4.69041576  2.23606798
  3.16227766  2.        ]
**********************
1
[ 3.31662479  2.44948974 18.05547009  2.64575131  3.          2.82842712
  3.31662479  3.31662479]
**********************
4
[13.82027496 11.74734012 17.94435844 12.76714533 10.04987562 13.03840481
 13.67479433 13.67479433]
**********************
3
[ 2.23606798  3.46410162 19.54482029  1.          4.79583152  1.41421356
  2.64575131  1.        ]
**********************
4
[15.5241747  13.41640786 14.35270009 15.13274595 12.60952021 15.23154621
 14.52583905 15.65247584]
**********************
4
[15.29705854 13.15294644 14.52583905 14.89966443 11.83215957 15.26433752
 15.42724862 15.8113883 ]
**********************
4
[13.45362405 11.48912529 15.87450787 13.22875656 10.04987562 13.56465997
 14.03566885 14.17744688]
**********************
4
[ 5.          3.16227766 19.54482029  3.31662479  2.23606798  3.74165739
  5.19615242  4.58257569]
**********************
4
[ 4.58257569  2.82842712 18.16590212  3.60555128  1.73205081  3.74165739
  4.35889894  4.58257569]
**********************
2
[12.52996409 11.22497216 10.19803903 12.68857754 10.34408043 12.88409873
 12.20655562 13.15294644]
**********************
4
[13.78404875 12.4498996  11.87434209 13.92838828 10.95445115 14.03566885
 13.85640646 14.49137675]
**********************
7
[ 2.          4.12310563 19.67231557  1.41421356  5.09901951  1.
  2.44948974  0.        ]
**********************
2
[13.85640646 12.36931688  9.64365076 13.85640646 11.3137085  13.96424004
 12.9614814  14.28285686]
**********************
3
[ 2.82842712  3.         19.46792233  1.41421356  4.69041576  2.23606798
  3.16227766  2.        ]
**********************
3
[ 2.44948974  3.60555128 19.8242276   1.41421356  4.89897949  1.73205081
  2.82842712  1.41421356]
**********************
4
[13.37908816 11.5758369  12.64911064 13.15294644 10.14889157 13.34166406
 13.         13.82027496]
**********************
4
[15.06651917 12.56980509 16.18641406 14.24780685 11.18033989 14.62873884
 14.93318452 15.19868415]
**********************
3
[ 2.82842712  3.         19.46792233  1.41421356  4.69041576  2.23606798
  3.16227766  2.        ]
**********************
5
[ 2.23606798  3.74165739 19.6468827   1.          4.35889894  0.
  2.64575131  1.        ]
**********************
7
[ 2.          4.12310563 19.67231557  1.41421356  5.09901951  1.
  2.44948974  0.        ]
**********************
2
[18.43908891 15.96871942 10.81665383 17.94435844 15.29705854 18.35755975
 17.54992877 18.65475811]
**********************
7
[ 2.          4.12310563 19.67231557  1.41421356  5.09901951  1.
  2.44948974  0.        ]
**********************
4
[ 4.89897949  3.87298335 17.69180601  4.24264069  2.82842712  4.12310563
  4.47213595  4.89897949]
**********************
7
[ 3.          4.24264069 19.23538406  2.64575131  5.19615242  2.44948974
  2.64575131  2.23606798]
**********************
6
[10.58300524  9.11043358 13.3041347  10.67707825  9.38083152 10.81665383
  8.94427191 10.95445115]
**********************
4
[11.70469991  9.2736185  12.24744871 11.18033989  9.         11.66190379
 10.90871211 11.87434209]
**********************
4
[ 4.89897949  4.12310563 19.05255888  3.74165739  3.16227766  3.60555128
  4.24264069  4.47213595]
**********************
3
[ 3.          2.44948974 19.4422221   1.          3.87298335  2.
  3.31662479  2.23606798]
**********************
1
[ 9.16515139  7.68114575 12.28820573  9.38083152  7.87400787  9.64365076
  8.83176087  9.79795897]
**********************
2
[18.84144368 17.8325545   0.         19.5192213  17.4642492  19.6468827
 18.13835715 19.67231557]
**********************
3
[ 2.23606798  3.46410162 19.54482029  1.          4.79583152  1.41421356
  2.64575131  1.        ]
**********************
3
[ 4.          3.         19.          2.44948974  2.82842712  2.64575131
  4.          3.46410162]
**********************
4
[ 6.08276253  4.24264069 16.0623784   5.56776436  2.64575131  5.83095189
  6.244998    6.40312424]
**********************
2
[21.1896201  19.54482029 11.13552873 21.37755833 18.52025918 21.63330765
 21.         21.9317122 ]
**********************
2
[16.64331698 14.56021978 12.56980509 16.46207763 13.74772708 16.61324773
 15.84297952 17.        ]
**********************
4
[12.60952021 10.67707825 13.56465997 12.28820573  8.66025404 12.40967365
 12.36931688 13.07669683]
**********************
2
[24.33105012 22.5166605   9.32737905 24.53568829 21.77154106 24.79919354
 23.62202362 24.97999199]
**********************
2
[16.97056275 15.39480432 11.18033989 16.79285562 14.89966443 17.
 15.62049935 17.08800749]
**********************
3
[ 3.87298335  3.74165739 17.49285568  3.31662479  3.60555128  3.46410162
  4.35889894  3.87298335]
**********************
4
[ 5.          4.24264069 16.24807681  5.19615242  3.60555128  5.29150262
  5.38516481  5.74456265]
**********************
3
[ 3.          2.44948974 19.4422221   1.          3.87298335  2.
  3.31662479  2.23606798]
**********************
3
[ 2.44948974  3.         19.5192213   0.          4.          1.
  2.82842712  1.41421356]
**********************
2
[22.49444376 20.66397832  6.70820393 22.75961335 19.94993734 23.
 21.72556098 23.19482701]
**********************
2
[19.87460691 17.72004515  6.         19.97498436 17.29161647 20.29778313
 18.89444363 20.46948949]
**********************
0
[ 0.          4.12310563 18.84144368  2.44948974  5.09901951  2.23606798
  3.16227766  2.        ]
**********************
0
[ 1.41421356  3.60555128 19.          2.44948974  4.89897949  2.64575131
  3.46410162  2.44948974]
**********************
4
[ 4.          3.         18.41195264  3.16227766  2.82842712  3.31662479
  4.24264069  4.        ]
**********************
0
[ 0.          4.12310563 18.84144368  2.44948974  5.09901951  2.23606798
  3.16227766  2.        ]
**********************
3
[ 3.31662479  2.82842712 19.18332609  2.23606798  2.64575131  2.44948974
  4.12310563  3.31662479]
**********************
4
[ 4.69041576  3.31662479 19.31320792  3.16227766  2.44948974  3.31662479
  4.47213595  4.24264069]
**********************
3
[ 2.44948974  2.64575131 19.10497317  1.41421356  3.16227766  1.73205081
  3.46410162  2.44948974]
**********************
7
[ 2.          4.12310563 19.67231557  1.41421356  5.09901951  1.
  2.44948974  0.        ]
**********************
3
[ 2.23606798  3.46410162 19.54482029  1.          4.79583152  1.41421356
  2.64575131  1.        ]
**********************
3
[ 2.44948974  3.60555128 19.8242276   1.41421356  4.89897949  1.73205081
  2.82842712  1.41421356]
**********************
6
[ 4.47213595  3.31662479 17.69180601  3.46410162  3.74165739  3.60555128
  2.82842712  4.        ]
**********************
4
[ 5.38516481  4.         17.49285568  5.19615242  3.60555128  5.47722558
  6.244998    6.08276253]
**********************
7
[ 2.          4.12310563 19.67231557  1.41421356  5.09901951  1.
  2.44948974  0.        ]
**********************
2
[17.60681686 14.86606875 12.20655562 16.91153453 13.49073756 17.23368794
 16.61324773 17.72004515]
**********************
1
[ 3.46410162  1.         17.8605711   2.44948974  2.44948974  3.
  3.16227766  3.46410162]
**********************
5
[ 2.23606798  3.74165739 19.6468827   1.          4.35889894  0.
  2.64575131  1.        ]
**********************
5
[ 2.23606798  3.74165739 19.6468827   1.          4.35889894  0.
  2.64575131  1.        ]
**********************
4
[ 4.          3.87298335 17.34935157  3.74165739  3.46410162  3.60555128
  3.46410162  4.        ]
**********************
4
[13.82027496 11.83215957 14.07124728 13.60147051 10.90871211 14.
 13.96424004 14.38749457]
**********************
4
[ 5.09901951  3.         17.57839583  4.47213595  2.44948974  4.79583152
  5.29150262  5.47722558]
**********************
3
[ 2.64575131  2.82842712 19.13112647  1.          3.87298335  1.41421356
  2.64575131  1.73205081]
**********************
4
[ 4.89897949  3.60555128 18.68154169  3.46410162  2.44948974  3.60555128
  4.89897949  4.47213595]
**********************
3
[ 2.44948974  3.31662479 19.10497317  1.41421356  4.69041576  1.73205081
  2.          1.41421356]
**********************
2
[18.35755975 15.93737745 12.         18.13835715 14.86606875 18.43908891
 17.91647287 18.89444363]
**********************
3
[ 3.          2.82842712 19.54482029  1.          3.31662479  1.41421356
  3.31662479  2.23606798]
**********************
7
[ 2.23606798  4.24264069 19.94993734  1.73205081  5.19615242  1.41421356
  2.64575131  1.        ]
**********************
0
[ 1.41421356  3.31662479 18.41195264  2.44948974  4.69041576  2.64575131
  3.16227766  2.44948974]
**********************
3
[ 3.          2.82842712 19.54482029  1.          3.31662479  1.41421356
  3.31662479  2.23606798]
**********************
3
[ 3.46410162  2.23606798 19.46792233  1.41421356  3.16227766  2.23606798
  3.74165739  2.82842712]
**********************
5
[ 3.60555128  3.74165739 19.74841766  2.23606798  3.31662479  2.
  3.87298335  3.        ]
**********************
3
[ 3.31662479  2.44948974 18.86796226  1.73205081  3.          2.
  3.          2.64575131]
**********************
0
[ 1.          4.         18.54723699  2.64575131  5.          2.44948974
  3.          2.23606798]
**********************
2
[18.52025918 16.73320053 10.09950494 18.68154169 16.34013464 19.07878403
 18.08314132 19.15724406]
**********************
5
[ 2.82842712  3.60555128 19.67231557  1.41421356  3.74165739  1.
  3.16227766  2.        ]
**********************
4
[ 4.58257569  3.46410162 18.38477631  4.12310563  2.64575131  4.24264069
  5.19615242  5.        ]
**********************
5
[ 4.12310563  4.69041576 18.49324201  3.31662479  4.12310563  3.16227766
  4.35889894  3.60555128]
**********************
6
[ 3.16227766  3.87298335 18.13835715  2.82842712  4.89897949  2.64575131
  0.          2.44948974]
**********************
3
[ 2.23606798  3.46410162 19.54482029  1.          4.79583152  1.41421356
  2.64575131  1.        ]
**********************
3
[ 3.46410162  2.64575131 18.89444363  2.44948974  2.44948974  2.64575131
  4.          3.46410162]
**********************
3
[ 2.23606798  3.46410162 19.54482029  1.          4.79583152  1.41421356
  2.64575131  1.        ]
**********************
1
[ 3.46410162  2.23606798 17.52141547  2.82842712  3.46410162  3.31662479
  3.16227766  3.46410162]
**********************
3
[ 2.44948974  2.64575131 19.10497317  1.41421356  3.16227766  1.73205081
  3.46410162  2.44948974]
**********************
3
[ 2.23606798  3.46410162 19.54482029  1.          4.79583152  1.41421356
  2.64575131  1.        ]
**********************
3
[ 2.64575131  3.74165739 20.29778313  1.73205081  5.19615242  2.
  3.          1.73205081]
**********************
2
[18.60107524 16.21727474 12.92284798 18.65475811 15.62049935 19.
 18.38477631 19.4422221 ]
**********************
4
[ 4.58257569  2.82842712 19.23538406  3.31662479  2.23606798  3.74165739
  5.19615242  4.58257569]
**********************
4
[14.38749457 12.32882801 12.56980509 14.17744688 11.18033989 14.49137675
 14.38749457 14.93318452]
**********************
1
[ 7.68114575  5.65685425 13.7113092   7.28010989  5.74456265  7.48331477
  5.74456265  7.68114575]
**********************
2
[17.54992877 15.77973384 11.87434209 17.54992877 14.96662955 17.8605711
 17.54992877 18.22086716]
**********************
3
[ 2.23606798  3.46410162 19.54482029  1.          4.79583152  1.41421356
  2.64575131  1.        ]
**********************
4
[ 5.09901951  2.64575131 17.4642492   4.          0.          4.35889894
  4.89897949  5.09901951]
**********************
5
[ 4.24264069  4.79583152 18.57417562  3.74165739  5.29150262  3.60555128
  4.          3.74165739]
**********************
1
[ 4.24264069  2.64575131 16.94107435  3.46410162  2.82842712  3.87298335
  3.74165739  4.24264069]
**********************
2
[21.02379604 19.05255888 12.84523258 21.07130751 18.22086716 21.37755833
 20.88061302 21.77154106]
**********************
1
[ 4.58257569  2.44948974 17.3781472   4.12310563  2.64575131  4.47213595
  4.79583152  5.        ]
**********************
4
[ 4.12310563  3.46410162 18.92088793  3.60555128  2.64575131  3.74165739
  5.19615242  4.58257569]
**********************
5
[ 2.82842712  3.60555128 19.67231557  1.41421356  3.74165739  1.
  3.16227766  2.        ]
**********************
2
[24.12467616 21.74856317 10.63014581 24.12467616 21.21320344 24.4744765
 23.40939982 24.77902339]
**********************
4
[ 5.38516481  5.65685425 17.60681686  6.244998    5.          6.164414
  6.8556546   6.70820393]
**********************
4
[14.59451952 12.489996   13.7113092  14.73091986 11.95826074 14.96662955
 14.45683229 15.39480432]
**********************
3
[ 2.23606798  3.46410162 19.54482029  1.          4.79583152  1.41421356
  2.64575131  1.        ]
**********************
3
[ 2.44948974  3.         19.5192213   0.          4.          1.
  2.82842712  1.41421356]
**********************
3
[ 3.16227766  3.31662479 18.62793601  2.44948974  4.69041576  2.64575131
  2.44948974  2.44948974]
**********************
4
[ 5.74456265  3.46410162 18.          4.35889894  3.          4.69041576
  5.          5.38516481]
**********************
4
[ 4.69041576  3.31662479 19.36491673  3.16227766  2.44948974  3.31662479
  4.69041576  4.24264069]
**********************
6
[ 3.16227766  3.31662479 18.08314132  2.82842712  3.46410162  2.64575131
  2.44948974  3.16227766]
**********************
2
[13.74772708 12.24744871 10.95445115 13.96424004 11.44552314 14.14213562
 13.45362405 14.45683229]
**********************
4
[16.64331698 15.29705854 15.3622915  16.88194302 14.03566885 17.08800749
 17.34935157 17.57839583]
**********************
4
[16.64331698 15.29705854 15.8113883  17.05872211 14.45683229 17.08800749
 16.82260384 17.57839583]
**********************
5
[ 3.60555128  3.74165739 19.74841766  2.23606798  3.31662479  2.
  3.87298335  3.        ]
**********************
4
[ 3.60555128  3.74165739 18.05547009  3.60555128  3.31662479  3.46410162
  3.87298335  4.12310563]
**********************
5
[ 4.47213595  4.12310563 19.87460691  3.16227766  3.16227766  3.
  4.69041576  4.        ]
**********************
4
[18.35755975 15.49193338 15.49193338 17.52141547 14.59451952 18.
 17.4642492  18.46618531]
**********************
4
[ 6.          5.19615242 16.64331698  5.47722558  3.74165739  5.38516481
  5.29150262  6.        ]
**********************
6
[ 3.46410162  4.58257569 17.97220076  3.16227766  5.09901951  3.
  2.44948974  2.82842712]
**********************
7
[ 2.23606798  4.24264069 19.23538406  1.73205081  5.          1.41421356
  2.64575131  1.        ]
**********************
4
[ 6.8556546   5.29150262 17.77638883  5.91607978  4.79583152  6.
  5.38516481  6.55743852]
**********************
5
[ 2.23606798  3.74165739 19.6468827   1.          4.35889894  0.
  2.64575131  1.        ]
**********************
7
[ 2.          4.12310563 19.67231557  1.41421356  5.09901951  1.
  2.44948974  0.        ]
**********************
5
[ 4.47213595  4.12310563 19.87460691  3.16227766  3.16227766  3.
  4.69041576  4.        ]
**********************
7
[ 2.23606798  4.24264069 19.94993734  1.73205081  5.19615242  1.41421356
  2.64575131  1.        ]
**********************
2
[19.07878403 17.05872211  6.40312424 19.28730152 16.73320053 19.62141687
 18.43908891 19.79898987]
**********************
3
[ 4.35889894  3.16227766 19.07878403  3.          3.          3.16227766
  3.60555128  3.87298335]
**********************
5
[ 4.47213595  4.12310563 19.87460691  3.16227766  3.16227766  3.
  4.69041576  4.        ]
**********************
5
[ 3.46410162  3.60555128 18.84144368  2.44948974  3.74165739  2.23606798
  2.44948974  2.82842712]
**********************
2
[17.08800749 14.59451952  9.32737905 16.79285562 14.49137675 17.29161647
 16.18641406 17.43559577]
**********************
5
[ 3.16227766  3.87298335 18.89444363  2.44948974  4.47213595  2.23606798
  2.82842712  2.44948974]
**********************
4
[10.44030651  9.2736185  18.76166304  9.64365076  6.8556546   9.59166305
 10.63014581 10.44030651]
**********************
2
[17.97220076 15.23154621 11.48912529 17.4642492  14.17744688 17.8325545
 17.11724277 18.30300522]
**********************
2
[18.46618531 15.68438714 12.24744871 18.41195264 15.5241747  18.86796226
 17.97220076 19.20937271]
**********************
4
[ 4.12310563  4.         19.4422221   3.31662479  3.          3.16227766
  4.79583152  4.12310563]
**********************
4
[ 4.          4.12310563 19.05255888  3.74165739  3.16227766  3.60555128
  5.09901951  4.47213595]
**********************
4
[ 4.89897949  4.12310563 19.05255888  3.74165739  3.16227766  3.60555128
  4.24264069  4.47213595]
**********************
5
[ 4.89897949  5.38516481 18.1934054   4.24264069  4.69041576  4.12310563
  5.09901951  4.47213595]
**********************
4
[ 5.74456265  4.69041576 19.23538406  4.58257569  3.31662479  4.47213595
  5.19615242  5.38516481]
**********************
5
[ 3.74165739  3.60555128 19.36491673  2.44948974  3.16227766  2.23606798
  3.74165739  3.16227766]
**********************
5
[ 3.60555128  3.74165739 19.74841766  2.23606798  3.31662479  2.
  3.87298335  3.        ]
**********************
2
[18.76166304 16.15549442 11.35781669 18.65475811 15.3622915  18.94729532
 18.         19.39071943]
**********************
4
[17.34935157 14.69693846 13.85640646 16.88194302 13.67479433 17.32050808
 17.23368794 17.80449381]
**********************
2
[14.89966443 12.68857754  9.43398113 14.76482306 11.91637529 15.13274595
 14.4222051  15.42724862]
**********************
5
[ 3.60555128  3.74165739 19.74841766  2.23606798  3.31662479  2.
  3.87298335  3.        ]
**********************
0
[ 1.41421356  3.31662479 19.10497317  1.41421356  4.69041576  1.73205081
  2.82842712  1.41421356]
**********************
3
[ 3.16227766  3.         19.8242276   1.41421356  3.46410162  1.73205081
  3.46410162  2.44948974]
**********************
4
[ 5.74456265  4.69041576 19.23538406  4.58257569  3.31662479  4.47213595
  5.19615242  5.38516481]
**********************
4
[ 5.47722558  4.79583152 20.32240143  4.24264069  3.46410162  4.12310563
  5.65685425  5.09901951]
**********************
5
[ 3.60555128  3.74165739 19.74841766  2.23606798  3.31662479  2.
  3.87298335  3.        ]
**********************
5
[ 4.47213595  4.12310563 19.87460691  3.16227766  3.16227766  3.
  4.69041576  4.        ]
**********************
5
[ 2.82842712  3.60555128 19.67231557  1.41421356  3.74165739  1.
  3.16227766  2.        ]
**********************
5
[ 3.16227766  3.60555128 19.31320792  2.44948974  3.16227766  2.23606798
  4.          3.16227766]
**********************
5
[ 3.60555128  3.74165739 19.74841766  2.23606798  3.31662479  2.
  3.87298335  3.        ]
**********************
4
[ 4.58257569  4.         19.59591794  3.31662479  3.          3.16227766
  4.58257569  4.12310563]
**********************
2
[17.08800749 15.13274595  7.54983444 17.20465053 14.83239697 17.52141547
 16.1245155  17.66352173]
**********************
5
[ 4.58257569  4.24264069 20.14944168  3.31662479  3.31662479  3.16227766
  4.79583152  4.12310563]
**********************
4
[ 5.47722558  4.35889894 17.69180601  4.89897949  3.46410162  4.79583152
  4.47213595  5.47722558]
**********************
2
[24.45403852 22.11334439 12.84523258 24.45403852 21.40093456 24.79919354
 23.74868417 25.0998008 ]
**********************
2
[19.         16.55294536 10.19803903 18.89444363 15.90597372 19.28730152
 18.57417562 19.62141687]
**********************
4
[ 4.12310563  4.         19.4422221   3.31662479  3.          3.16227766
  4.79583152  4.12310563]
**********************
6
[ 3.60555128  4.69041576 18.27566688  3.31662479  5.19615242  3.16227766
  2.64575131  3.        ]
**********************
3
[ 3.16227766  3.         19.8242276   1.41421356  3.46410162  1.73205081
  3.46410162  2.44948974]
**********************
2
[21.30727575 19.26136028 12.4498996  21.3541565  18.22086716 21.65640783
 20.92844954 22.04540769]
**********************
6
[11.35781669  9.69535971 11.74734012 11.44552314  9.74679434 11.5758369
  9.53939201 11.70469991]
**********************
4
[ 7.          4.69041576 17.3781472   5.91607978  3.31662479  6.32455532
  7.14142843  7.        ]
**********************
7
[ 2.          4.12310563 19.67231557  1.41421356  5.09901951  1.
  2.44948974  0.        ]
**********************
2
[15.09966887 13.60147051 12.04159458 15.42724862 13.11487705 15.77973384
 15.3622915  16.        ]
**********************
3
[ 3.87298335  3.16227766 19.89974874  2.23606798  3.          2.44948974
  4.12310563  3.31662479]
**********************
2
[19.13112647 17.52141547  6.55743852 19.54482029 17.02938637 19.77371993
 18.49324201 19.94993734]
**********************
4
[10.90871211  9.69535971 14.83239697 10.53565375  9.         10.58300524
  9.43398113 10.90871211]
**********************
3
[ 3.16227766  3.         19.8242276   1.41421356  3.46410162  1.73205081
  3.46410162  2.44948974]
**********************
7
[ 2.23606798  4.24264069 19.94993734  1.73205081  5.19615242  1.41421356
  2.64575131  1.        ]
**********************
5
[ 3.74165739  3.60555128 19.46792233  2.44948974  3.16227766  2.23606798
  3.74165739  3.16227766]
**********************
3
[ 3.74165739  3.         19.62141687  2.          2.82842712  2.23606798
  4.          3.16227766]
**********************
3
[ 3.74165739  3.         19.62141687  2.          2.82842712  2.23606798
  4.          3.16227766]
**********************
4
[ 5.74456265  3.74165739 19.84943324  4.12310563  2.64575131  4.47213595
  5.91607978  5.38516481]
**********************
3
[ 3.74165739  3.         19.62141687  2.          2.82842712  2.23606798
  4.          3.16227766]
**********************
3
[ 3.87298335  2.82842712 19.18332609  2.23606798  2.64575131  2.44948974
  3.60555128  3.31662479]
**********************
3
[ 4.12310563  2.44948974 19.54482029  2.23606798  2.64575131  2.82842712
  4.35889894  3.60555128]
**********************
7
[ 2.          4.12310563 19.67231557  1.41421356  5.09901951  1.
  2.44948974  0.        ]
**********************
5
[ 3.46410162  3.60555128 19.15724406  2.44948974  3.74165739  2.23606798
  3.16227766  2.82842712]
**********************
2
[19.87460691 18.16590212  8.94427191 20.22374842 17.23368794 20.34698995
 19.10497317 20.66397832]
**********************
7
[ 3.60555128  5.09901951 18.49324201  3.31662479  5.38516481  3.16227766
  3.87298335  3.        ]
**********************
5
[ 4.47213595  4.12310563 19.87460691  3.16227766  3.16227766  3.
  4.69041576  4.        ]
**********************
5
[ 2.23606798  3.74165739 19.6468827   1.          4.35889894  0.
  2.64575131  1.        ]
**********************
7
[ 2.          4.12310563 19.67231557  1.41421356  5.09901951  1.
  2.44948974  0.        ]
**********************
4
[ 4.58257569  3.46410162 19.74841766  3.          2.64575131  3.16227766
  4.79583152  4.12310563]
**********************
5
[ 4.47213595  4.12310563 19.87460691  3.16227766  3.16227766  3.
  4.69041576  4.        ]
**********************
3
[ 3.16227766  3.         19.8242276   1.41421356  3.46410162  1.73205081
  3.46410162  2.44948974]
**********************
2
[18.97366596 16.64331698  7.93725393 18.92088793 16.1245155  19.26136028
 17.94435844 19.49358869]
**********************
2
[18.81488772 16.2788206  10.44030651 18.49324201 16.1245155  18.89444363
 17.54992877 19.02629759]
**********************
7
[ 2.23606798  4.24264069 19.94993734  1.73205081  5.19615242  1.41421356
  2.64575131  1.        ]
**********************
3
[ 2.44948974  3.60555128 19.8242276   1.41421356  4.89897949  1.73205081
  2.82842712  1.41421356]
**********************
5
[ 2.44948974  3.31662479 18.78829423  2.          3.46410162  1.73205081
  2.82842712  2.44948974]
**********************
2
[14.93318452 13.19090596 12.80624847 15.06651917 13.         15.55634919
 15.26433752 15.71623365]
**********************
7
[ 2.23606798  4.24264069 19.4422221   1.73205081  5.19615242  1.41421356
  2.64575131  1.        ]
**********************
5
[ 3.74165739  3.87298335 19.5192213   2.44948974  3.46410162  2.23606798
  4.          3.16227766]
**********************
4
[12.64911064  9.64365076 15.13274595 12.          8.36660027 12.4498996
 12.489996   13.11487705]
**********************
2
[15.71623365 13.85640646 10.         15.65247584 12.92284798 15.87450787
 14.86606875 16.21727474]
**********************
3
[ 3.          2.82842712 19.54482029  1.          3.31662479  1.41421356
  3.31662479  2.23606798]
**********************
5
[ 3.          3.46410162 19.23538406  1.73205081  3.60555128  1.41421356
  2.64575131  2.23606798]
**********************
5
[ 3.60555128  3.74165739 19.74841766  2.23606798  3.31662479  2.
  3.87298335  3.        ]
**********************
3
[ 4.12310563  2.44948974 19.54482029  2.23606798  2.64575131  2.82842712
  4.35889894  3.60555128]
**********************
4
[ 5.09901951  4.58257569 18.78829423  4.69041576  3.16227766  4.58257569
  5.65685425  5.47722558]
**********************
3
[ 3.87298335  3.16227766 19.89974874  2.23606798  3.          2.44948974
  4.12310563  3.31662479]
**********************
4
[14.96662955 12.76714533 11.87434209 14.56021978 11.83215957 14.86606875
 14.4222051  15.23154621]
**********************
3
[ 3.46410162  2.64575131 18.89444363  2.44948974  2.44948974  2.64575131
  4.          3.46410162]
**********************
3
[ 3.          3.16227766 19.74841766  1.73205081  4.79583152  2.44948974
  3.31662479  2.23606798]
**********************
3
[ 3.          2.82842712 19.54482029  1.          3.31662479  1.41421356
  3.31662479  2.23606798]
**********************
3
[ 2.44948974  3.         19.5192213   0.          4.          1.
  2.82842712  1.41421356]
**********************
0
[ 2.23606798  2.82842712 18.16590212  2.64575131  4.58257569  3.16227766
  3.31662479  3.        ]
**********************
4
[ 4.89897949  3.         19.67231557  3.16227766  2.44948974  3.60555128
  5.09901951  4.47213595]
**********************
4
[ 4.58257569  2.82842712 19.23538406  3.31662479  2.23606798  3.74165739
  5.19615242  4.58257569]
**********************
3
[ 3.74165739  3.         19.62141687  2.          2.82842712  2.23606798
  4.          3.16227766]
**********************
4
[ 5.47722558  4.12310563 19.92485885  4.          2.82842712  4.12310563
  5.65685425  5.09901951]
**********************
4
[ 4.69041576  3.60555128 19.31320792  3.16227766  2.44948974  3.31662479
  4.89897949  4.24264069]
**********************
5
[ 2.82842712  3.60555128 19.67231557  1.41421356  3.74165739  1.
  3.16227766  2.        ]
**********************
4
[ 4.89897949  4.12310563 19.36491673  3.74165739  3.16227766  3.60555128
  4.69041576  4.47213595]
**********************
3
[ 3.74165739  3.         19.62141687  2.          2.82842712  2.23606798
  4.          3.16227766]
**********************
0
[ 1.73205081  2.82842712 18.22086716  2.23606798  3.87298335  2.44948974
  3.          2.64575131]
**********************
4
[ 4.58257569  3.46410162 19.74841766  3.          2.64575131  3.16227766
  4.79583152  4.12310563]
**********************
2
[20.92844954 18.94729532  7.28010989 21.21320344 18.49324201 21.47091055
 20.09975124 21.67948339]
**********************
5
[ 2.44948974  3.87298335 19.92485885  1.41421356  4.47213595  1.
  2.82842712  1.41421356]
**********************
5
[ 3.          3.74165739 19.94993734  1.73205081  3.87298335  1.41421356
  3.31662479  2.23606798]
**********************
4
[15.06651917 12.         11.48912529 14.45683229 11.44552314 14.83239697
 13.60147051 15.19868415]
**********************
3
[ 3.          2.82842712 19.54482029  1.          3.31662479  1.41421356
  3.31662479  2.23606798]
**********************
3
[ 2.82842712  3.         19.46792233  1.41421356  4.69041576  2.23606798
  3.16227766  2.        ]
**********************
1
[ 4.12310563  0.         17.8325545   3.          2.64575131  3.74165739
  3.87298335  4.12310563]
**********************
4
[ 6.08276253  5.29150262 16.73320053  5.56776436  4.12310563  5.65685425
  6.08276253  6.08276253]
**********************
5
[ 2.82842712  3.60555128 19.67231557  1.41421356  3.74165739  1.
  3.16227766  2.        ]
**********************
1
[ 8.66025404  6.32455532 17.2626765   7.81024968  6.55743852  8.1240384
  7.68114575  8.42614977]
**********************
4
[ 4.58257569  3.16227766 18.86796226  3.60555128  2.23606798  3.74165739
  4.58257569  4.58257569]
**********************
4
[ 4.89897949  4.12310563 19.05255888  3.74165739  3.16227766  3.60555128
  4.24264069  4.47213595]
**********************
3
[ 2.44948974  3.         19.5192213   0.          4.          1.
  2.82842712  1.41421356]
**********************
4
[ 4.58257569  3.46410162 19.74841766  3.          2.64575131  3.16227766
  4.79583152  4.12310563]
**********************
4
[ 4.89897949  3.         19.67231557  3.16227766  2.44948974  3.60555128
  5.09901951  4.47213595]
**********************
4
[ 4.89897949  3.         19.67231557  3.16227766  2.44948974  3.60555128
  5.09901951  4.47213595]
**********************
3
[ 2.82842712  3.         19.46792233  1.41421356  4.69041576  2.23606798
  3.16227766  2.        ]
**********************
3
[ 3.          2.82842712 19.54482029  1.          3.31662479  1.41421356
  3.31662479  2.23606798]
**********************
1
[ 4.24264069  2.23606798 19.15724406  2.44948974  2.44948974  3.
  4.24264069  3.74165739]
**********************
2
[20.83266666 18.62793601  7.68114575 21.02379604 18.43908891 21.42428529
 20.14944168 21.58703314]
**********************
3
[ 3.          2.         19.02629759  1.73205081  3.          2.44948974
  3.87298335  3.        ]
**********************
3
[ 4.24264069  3.60555128 18.78829423  2.82842712  2.82842712  3.
  4.47213595  3.74165739]
**********************
4
[13.19090596 12.04159458 13.67479433 12.9614814  10.39230485 13.
 13.19090596 13.49073756]
**********************
2
[19.62141687 16.79285562 13.56465997 19.36491673 16.2788206  19.79898987
 18.89444363 20.22374842]
**********************
2
[17.52141547 15.16575089 13.85640646 17.         14.38749457 17.3781472
 17.         17.74823935]
**********************
2
[18.81488772 16.64331698  9.8488578  18.97366596 16.0623784  19.36491673
 18.65475811 19.6468827 ]
**********************
3
[ 3.          2.82842712 19.54482029  1.          3.31662479  1.41421356
  3.31662479  2.23606798]
**********************
3
[ 2.23606798  3.46410162 19.54482029  1.          4.79583152  1.41421356
  2.64575131  1.        ]
**********************
4
[15.55634919 12.76714533 14.86606875 15.29705854 12.08304597 15.65247584
 15.23154621 16.18641406]
**********************
4
[ 4.58257569  2.82842712 19.23538406  3.31662479  2.23606798  3.74165739
  5.19615242  4.58257569]
**********************
4
[ 4.58257569  3.46410162 19.74841766  3.          2.64575131  3.16227766
  4.79583152  4.12310563]
**********************
3
[ 2.23606798  3.46410162 19.54482029  1.          4.79583152  1.41421356
  2.64575131  1.        ]
**********************
3
[ 2.23606798  3.46410162 19.54482029  1.          4.79583152  1.41421356
  2.64575131  1.        ]
**********************
3
[ 2.82842712  3.         19.46792233  1.41421356  4.69041576  2.23606798
  3.16227766  2.        ]
**********************
4
[ 4.24264069  3.31662479 19.31320792  3.16227766  2.44948974  3.31662479
  4.89897949  4.24264069]
**********************
2
[16.37070554 14.73091986  7.93725393 16.79285562 14.28285686 17.11724277
 16.30950643 17.32050808]
**********************
2
[17.80449381 15.62049935  9.89949494 17.63519209 15.         17.88854382
 16.82260384 18.13835715]
**********************
5
[ 2.82842712  3.60555128 19.67231557  1.41421356  3.74165739  1.
  3.16227766  2.        ]
**********************
4
[ 6.78232998  5.74456265 17.91647287  6.          5.09901951  5.91607978
  5.29150262  6.4807407 ]
**********************
7
[ 2.          4.12310563 19.67231557  1.41421356  5.09901951  1.
  2.44948974  0.        ]
**********************
2
[22.7815715  20.34698995  9.59166305 22.82542442 19.87460691 23.19482701
 22.02271555 23.47338919]
**********************
4
[ 4.69041576  3.31662479 19.36491673  3.16227766  2.44948974  3.31662479
  4.69041576  4.24264069]
**********************
4
[15.19868415 13.34166406 13.34166406 15.32970972 12.52996409 15.49193338
 14.6628783  15.96871942]
**********************
5
[ 4.47213595  4.12310563 19.87460691  3.16227766  3.16227766  3.
  4.69041576  4.        ]
**********************
1
[14.69693846 12.28820573 15.5241747  14.76482306 12.88409873 15.32970972
 14.56021978 15.49193338]
**********************
2
[14.28285686 12.68857754  8.06225775 14.56021978 12.64911064 14.93318452
 13.85640646 14.96662955]
**********************
4
[13.89244399 12.08304597 15.16575089 13.37908816 10.34408043 13.56465997
 13.67479433 14.17744688]
**********************
4
[ 4.12310563  4.         19.4422221   3.31662479  3.          3.16227766
  4.79583152  4.12310563]
**********************
4
[13.85640646 12.20655562 12.68857754 13.85640646 11.83215957 14.24780685
 13.85640646 14.4222051 ]
**********************
4
[ 4.58257569  3.46410162 19.74841766  3.          2.64575131  3.16227766
  4.79583152  4.12310563]
**********************
3
[ 3.31662479  2.82842712 19.18332609  2.23606798  2.64575131  2.44948974
  4.12310563  3.31662479]
**********************
4
[ 4.47213595  3.         18.84144368  3.74165739  2.44948974  4.12310563
  5.47722558  4.89897949]
**********************
3
[ 3.          2.82842712 19.54482029  1.          3.31662479  1.41421356
  3.31662479  2.23606798]
**********************
4
[ 4.35889894  4.47213595 18.70828693  4.58257569  3.60555128  4.47213595
  5.56776436  5.19615242]
**********************
3
[ 3.          2.82842712 19.54482029  1.          3.31662479  1.41421356
  3.31662479  2.23606798]
**********************
3
[ 2.44948974  3.60555128 19.8242276   1.41421356  4.89897949  1.73205081
  2.82842712  1.41421356]
**********************
3
[ 3.74165739  3.         19.62141687  2.          2.82842712  2.23606798
  4.          3.16227766]
**********************
1
[14.73091986 12.         12.40967365 14.59451952 12.28820573 15.03329638
 13.67479433 15.26433752]
**********************
4
[14.49137675 12.20655562 13.45362405 13.78404875 11.66190379 14.24780685
 13.56465997 14.49137675]
**********************
2
[17.23368794 15.16575089 11.66190379 17.34935157 14.03566885 17.66352173
 17.4642492  18.13835715]
**********************
5
[ 3.74165739  3.60555128 19.31320792  2.44948974  3.16227766  2.23606798
  3.46410162  3.16227766]
**********************
7
[ 2.          4.12310563 19.67231557  1.41421356  5.09901951  1.
  2.44948974  0.        ]
**********************
2
[21.28379665 19.4422221  11.66190379 21.47091055 19.26136028 21.86321111
 20.90454496 22.02271555]
**********************
5
[ 4.47213595  4.12310563 19.87460691  3.16227766  3.16227766  3.
  4.69041576  4.        ]
**********************
4
[17.02938637 14.52583905 14.6628783  16.30950643 13.26649916 16.64331698
 16.0623784  17.1464282 ]
**********************
2
[17.3781472  15.19868415 11.26942767 17.72004515 15.3622915  18.08314132
 16.673332   18.27566688]
**********************
2
[24.49489743 22.24859546 10.90871211 24.53568829 21.40093456 24.87971061
 23.79075451 25.13961018]
**********************
3
[ 3.16227766  3.         19.          2.          4.          2.23606798
  2.82842712  2.44948974]
**********************
3
[ 2.64575131  3.16227766 19.79898987  1.          4.12310563  1.41421356
  3.          1.73205081]
**********************
3
[ 3.16227766  3.         18.78829423  2.82842712  2.82842712  3.
  4.47213595  3.74165739]
**********************
3
[ 3.          2.82842712 19.54482029  1.          3.31662479  1.41421356
  3.31662479  2.23606798]
**********************
7
[ 2.44948974  4.35889894 20.42057786  2.          5.47722558  1.73205081
  2.82842712  1.41421356]
**********************
3
[ 3.74165739  3.         19.62141687  2.          2.82842712  2.23606798
  4.          3.16227766]
**********************
4
[ 4.58257569  3.46410162 19.74841766  3.          2.64575131  3.16227766
  4.79583152  4.12310563]
**********************
3
[ 3.          2.82842712 19.54482029  1.          3.31662479  1.41421356
  3.31662479  2.23606798]
**********************
4
[ 7.74596669  4.35889894 16.94107435  6.78232998  4.          7.41619849
  7.61577311  8.        ]
**********************
4
[ 6.4807407   4.79583152 18.89444363  5.47722558  3.16227766  5.56776436
  6.32455532  6.4807407 ]
**********************
7
[ 2.          4.12310563 19.67231557  1.41421356  5.09901951  1.
  2.44948974  0.        ]
**********************
4
[ 4.79583152  3.46410162 19.59591794  3.31662479  2.64575131  3.46410162
  4.58257569  4.35889894]
**********************
0
[ 3.74165739  4.79583152 17.34935157  4.          4.24264069  3.87298335
  4.89897949  4.24264069]
**********************
2
[13.60147051 11.40175425  8.71779789 13.60147051 11.18033989 14.
 13.         14.17744688]
**********************
5
[ 4.58257569  5.47722558 18.16590212  4.12310563  5.19615242  4.
  4.79583152  4.12310563]
**********************
5
[ 2.23606798  3.74165739 19.6468827   1.          4.35889894  0.
  2.64575131  1.        ]
**********************
5
[ 3.60555128  3.74165739 19.74841766  2.23606798  3.31662479  2.
  3.87298335  3.        ]
**********************
4
[ 5.09901951  4.58257569 18.94729532  4.69041576  3.16227766  4.58257569
  5.83095189  5.47722558]
**********************
4
[ 4.58257569  3.46410162 19.74841766  3.          2.64575131  3.16227766
  4.79583152  4.12310563]
**********************
7
[ 2.          4.12310563 19.67231557  1.41421356  5.09901951  1.
  2.44948974  0.        ]
**********************
4
[14.31782106 11.66190379 13.11487705 13.89244399 11.         14.14213562
 13.3041347  14.59451952]
**********************
5
[ 2.82842712  3.60555128 19.67231557  1.41421356  3.74165739  1.
  3.16227766  2.        ]
**********************
0
[ 2.23606798  4.         18.49324201  3.31662479  4.12310563  3.16227766
  4.35889894  3.60555128]
**********************
2
[20.4450483  17.40689519 14.31782106 20.09975124 17.02938637 20.51828453
 19.49358869 20.92844954]
**********************
4
[ 4.12310563  3.46410162 16.73320053  4.35889894  3.          4.47213595
  4.58257569  5.        ]
**********************
5
[ 3.60555128  3.74165739 19.74841766  2.23606798  3.31662479  2.
  3.87298335  3.        ]
**********************
4
[ 4.89897949  4.12310563 19.05255888  3.74165739  3.16227766  3.60555128
  4.24264069  4.47213595]
**********************
5
[ 4.12310563  3.74165739 18.92088793  3.          3.31662479  2.82842712
  3.31662479  3.60555128]
**********************
3
[ 3.          2.82842712 19.54482029  1.          3.31662479  1.41421356
  3.31662479  2.23606798]
**********************
3
[ 3.          2.82842712 19.54482029  1.          3.31662479  1.41421356
  3.31662479  2.23606798]
**********************
7
[ 2.          4.12310563 19.67231557  1.41421356  5.09901951  1.
  2.44948974  0.        ]
**********************
5
[ 2.23606798  3.74165739 19.6468827   1.          4.35889894  0.
  2.64575131  1.        ]
**********************
3
[ 3.          2.82842712 19.54482029  1.          3.31662479  1.41421356
  3.31662479  2.23606798]
**********************
0
[ 1.41421356  3.87298335 18.94729532  2.          4.89897949  1.73205081
  2.44948974  1.41421356]
**********************
6
[ 2.82842712  4.12310563 18.84144368  2.44948974  5.09901951  2.23606798
  1.41421356  2.        ]
**********************
2
[23.13006701 21.02379604 12.80624847 23.3023604  20.80865205 23.66431913
 22.38302929 23.8117618 ]
**********************
3
[ 3.          2.82842712 19.54482029  1.          3.31662479  1.41421356
  3.31662479  2.23606798]
**********************
5
[ 4.35889894  4.69041576 17.77638883  3.60555128  4.12310563  3.46410162
  4.12310563  3.87298335]
**********************
6
[ 3.16227766  3.31662479 18.41195264  2.44948974  4.69041576  2.64575131
  1.41421356  2.44948974]
**********************
4
[ 4.69041576  3.31662479 19.36491673  3.16227766  2.44948974  3.31662479
  4.69041576  4.24264069]
**********************
3
[ 3.74165739  3.         19.62141687  2.          2.82842712  2.23606798
  4.          3.16227766]
**********************
3
[ 3.46410162  2.23606798 19.46792233  1.41421356  3.16227766  2.23606798
  3.74165739  2.82842712]
**********************
3
[ 3.          2.82842712 19.54482029  1.          3.31662479  1.41421356
  3.31662479  2.23606798]
**********************
4
[ 4.58257569  3.46410162 19.74841766  3.          2.64575131  3.16227766
  4.79583152  4.12310563]
**********************
4
[ 9.69535971  8.42614977 15.          9.79795897  8.24621125  9.94987437
  9.79795897 10.29563014]
**********************
2
[16.40121947 14.4222051  10.67707825 16.46207763 13.52774926 16.79285562
 16.09347694 17.11724277]
**********************
7
[ 2.          4.12310563 19.67231557  1.41421356  5.09901951  1.
  2.44948974  0.        ]
**********************
3
[ 2.23606798  3.46410162 19.54482029  1.          4.79583152  1.41421356
  2.64575131  1.        ]
**********************
3
[ 4.12310563  2.44948974 19.54482029  2.23606798  2.64575131  2.82842712
  4.35889894  3.60555128]
**********************
0
[ 1.          3.46410162 18.70828693  2.23606798  4.79583152  2.44948974
  3.31662479  2.23606798]
**********************
0
[ 1.          3.46410162 18.70828693  2.23606798  4.79583152  2.44948974
  3.31662479  2.23606798]
**********************
3
[ 3.60555128  2.82842712 18.70828693  2.23606798  3.31662479  2.44948974
  2.64575131  3.        ]
**********************
7
[ 2.          4.12310563 19.67231557  1.41421356  5.09901951  1.
  2.44948974  0.        ]
**********************
4
[ 4.47213595  3.87298335 18.57417562  3.74165739  2.44948974  3.60555128
  4.47213595  4.47213595]
**********************
3
[ 3.46410162  2.23606798 19.46792233  1.41421356  3.16227766  2.23606798
  3.74165739  2.82842712]
**********************
1
[13.78404875 11.26942767 14.79864859 13.41640786 11.3137085  13.82027496
 13.19090596 14.07124728]
**********************
2
[18.35755975 16.30950643  8.36660027 18.734994   16.21727474 19.02629759
 17.63519209 19.20937271]
**********************
2
[15.90597372 14.          8.60232527 16.09347694 13.96424004 16.43167673
 15.06651917 16.52271164]
**********************
1
[ 3.74165739  1.73205081 18.734994    2.          2.82842712  2.64575131
  3.16227766  3.16227766]
**********************
3
[ 3.          2.44948974 19.4422221   1.          3.87298335  2.
  3.31662479  2.23606798]
**********************
4
[ 4.69041576  4.12310563 18.68154169  4.          3.16227766  3.87298335
  4.89897949  4.69041576]
**********************
3
[ 2.23606798  3.46410162 19.54482029  1.          4.79583152  1.41421356
  2.64575131  1.        ]
**********************
0
[ 3.16227766  4.12310563 18.57417562  3.74165739  3.74165739  3.60555128
  4.89897949  4.24264069]
**********************
0
[ 1.41421356  3.31662479 19.10497317  1.41421356  4.69041576  1.73205081
  2.82842712  1.41421356]
**********************
5
[ 4.47213595  4.12310563 19.87460691  3.16227766  3.16227766  3.
  4.69041576  4.        ]
**********************
7
[ 2.          4.12310563 19.67231557  1.41421356  5.09901951  1.
  2.44948974  0.        ]
**********************
5
[ 2.23606798  3.74165739 19.6468827   1.          4.35889894  0.
  2.64575131  1.        ]
**********************
2
[24.08318916 21.61018278 11.09053651 24.04163056 20.68816087 24.39262184
 23.36664289 24.73863375]
**********************
2
[18.89444363 17.3781472   6.164414   19.36491673 16.76305461 19.54482029
 18.1934054  19.72308292]
**********************
4
[ 5.          2.82842712 19.28730152  3.31662479  2.23606798  3.74165739
  5.          4.58257569]
**********************
7
[ 2.          4.12310563 19.67231557  1.41421356  5.09901951  1.
  2.44948974  0.        ]
**********************
7
[ 2.          4.12310563 19.67231557  1.41421356  5.09901951  1.
  2.44948974  0.        ]
**********************
7
[ 2.          4.12310563 19.67231557  1.41421356  5.09901951  1.
  2.44948974  0.        ]
**********************
7
[ 2.          4.12310563 19.67231557  1.41421356  5.09901951  1.
  2.44948974  0.        ]
**********************
3
[ 3.60555128  2.82842712 18.81488772  2.23606798  3.31662479  2.44948974
  3.31662479  3.        ]
**********************
5
[ 3.60555128  3.74165739 19.74841766  2.23606798  3.31662479  2.
  3.87298335  3.        ]
**********************
7
[ 7.28010989  8.1240384  19.84943324  7.14142843  7.81024968  7.07106781
  7.41619849  7.        ]
**********************
6
[ 2.82842712  4.12310563 18.84144368  2.44948974  5.09901951  2.23606798
  1.41421356  2.        ]
**********************
2
[14.14213562 12.84523258 10.53565375 14.83239697 12.489996   15.
 14.07124728 15.23154621]
**********************
5
[ 2.82842712  3.60555128 19.67231557  1.41421356  3.74165739  1.
  3.16227766  2.        ]
**********************
3
[ 3.16227766  3.         19.41648784  1.41421356  3.16227766  1.73205081
  3.46410162  2.44948974]
**********************
5
[ 3.16227766  3.87298335 19.          2.          3.74165739  1.73205081
  3.46410162  2.44948974]
**********************
5
[ 2.23606798  3.74165739 19.6468827   1.          4.35889894  0.
  2.64575131  1.        ]
**********************
2
[17.60681686 15.58845727 11.70469991 17.94435844 15.62049935 18.30300522
 17.43559577 18.49324201]
**********************
1
[13.85640646 10.90871211 12.76714533 13.6381817  11.3137085  14.24780685
 13.34166406 14.4222051 ]
**********************
2
[14.45683229 11.91637529 11.74734012 14.52583905 12.20655562 15.09966887
 14.24780685 15.26433752]
**********************
